neighd6 = [ ...
	0 0 0 0 0 1 1 1 0 0 0 0 0
	0 0 0 1 1 1 1 1 1 1 0 0 0
	0 0 1 1 1 1 1 1 1 1 1 0 0
	0 1 1 1 1 1 1 1 1 1 1 1 0
	0 1 1 1 1 1 1 1 1 1 1 1 0
	1 1 1 1 1 1 1 1 1 1 1 1 1
	1 1 1 1 1 1 1 1 1 1 1 1 1
	1 1 1 1 1 1 1 1 1 1 1 1 1	
	0 1 1 1 1 1 1 1 1 1 1 1 0
	0 1 1 1 1 1 1 1 1 1 1 1 0	
	0 0 1 1 1 1 1 1 1 1 1 0 0	
	0 0 0 1 1 1 1 1 1 1 0 0 0
	0 0 0 0 0 1 1 1 0 0 0 0 0
]


mmlap=[0 -1 0; 
	-1 4 -1;
	0 -1 0 ] 
	
mm111=[1 1 1; 
		1 1 1;
		1 1 1 ] 
mm121=[1 2 1; 
		2 4 2;
		1 2 1 ] 

mm11111 = ones(5);

mm010=[0 1 0; 
		1 1 1;
		0 1 0 ] 




